22222222222222222222222222222222222225555555555555555552222222222222222222222222222222222222222222222222222222222222222222222222222222222222222222222222222222222222222222222222222222222222222222222222222222222222222222222222222222222222222222222222222222222222222222222222222222222222222222222222222
                                     555555555555555555
                                     222222222222222222
                                     
                                     
                                     
                                       8888888888888
                                     88555555555555588          
                                    85555555555555555588
                                   8555555555555555555558
                                   5555555555555555555555  
888888888888888888888888888888888885555555555555555555555888888888888888888   888   88  88   88   88   888   88   888888888888888888888888888888888888888888888888888888888888
8888888888888888888888888888888888888888888888888888888888888888888888888888888888888888888888888888888888888888888888888888888888888888888888888888
